raster_test2_slope.txt
ncols	238
nrows	278
xllcorner	666013.0
yllcorner	141013.0
cellsize	25.0
NODATA_VALUE	-9999.0
[rows 110 to 131 of 278, columns 100 to 149 of 238]
0.04472135955 0.0632455532034 0.04 0.04 0.0632455532034 0.0894427191 0.101980390272 0.107703296143 0.107703296143 0.0894427191 0.0632455532034 0.0824621125124 0.08 0.0848528137424 0.0632455532034 0.08 0.0632455532034 0.06 0.0632455532034 0.0632455532034 0.08 0.121655250606 0.161245154966 0.184390889146 0.203960780544 0.161245154966 0.107703296143 0.0848528137424 0.12 0.2 0.24 0.302654919008 0.305941170816 0.305941170816 0.325576411922 0.392937654088 0.398497176903 0.417612260356 0.599332962551 0.727186358508 0.754718490565 0.784346862045 0.622896460096 0.349857113691 0.51923019943 0.451220566907 0.28 0.360555127546 0.444072066223 0.544058820349
0.424264068712 0.4472135955 0.4472135955 0.412310562562 0.440454310911 0.495176736126 0.495176736126 0.544058820349 0.771751255263 1.10435501538 0.76026311235 0.532541078228 0.576888204074 0.54918120871 0.54918120871 0.638122245342 0.655133574166 0.600333240792 0.432666153056 0.344093010682 0.310483493925 0.144222051019 0.161245154966 0.164924225025 0.164924225025 0.161245154966 0.16 0.126491106407 0.13416407865 0.126491106407 0.116619037897 0.116619037897 0.126491106407 0.116619037897 0.11313708499 0.1 0.0894427191 0.0721110255093 0.0632455532034 0.0565685424949 0.06 0.06 0.06 0.0632455532034 0.0894427191 0.0894427191 0.107703296143 0.101980390272 0.0824621125124 0.0632455532034
0.872009174264 1.5 1.83847763109 1.73677862723 1.33221619867 1.31209755735 1.39312598138 1.4065560778 1.22065556157 0.787146746166 1.06301458127 1.12445542375 1.00975244491 0.880908621822 0.781024967591 0.684689710745 0.67082039325 0.632455532034 0.617413961617 0.573061951276 0.328024389337 0.2 0.858836422143 1.04307238483 0.816333265278 0.655133574166 0.556057550978 0.524976189936 0.657875368136 0.840951841665 0.720277724215 0.568858506133 0.490306026885 0.407921561087 0.388329756779 0.438634243989 0.429418211072 0.429418211072 0.384707681233 0.372021504755 0.360555127546 0.438634243989 0.468187996429 0.575847201956 0.588217646794 0.56639209034 0.556057550978 0.594642749893 0.95707888912 1.00239712689
0.384187454246 0.368781778292 0.340587727319 0.31304951685 0.340587727319 0.398497176903 0.684689710745 0.640312423743 0.563560112144 0.456508488421 0.36 0.411825205639 0.438634243989 0.496789693935 0.572013985843 0.588217646794 0.58412327466 0.556057550978 0.66211781429 0.728010988928 0.518844870843 0.388329756779 0.449444101085 0.51923019943 0.5 0.456946386352 0.449444101085 0.495176736126 0.521536192416 0.554616984954 0.528393792545 0.488262224629 0.516139516023 0.516139516023 0.537401153702 0.495176736126 0.495176736126 0.523450093132 0.684105255059 0.991564420499 1.34536240471 1.65601932356 1.68237926759 1.41364776377 1.31726990401 1.38924439894 1.1833849754 0.984073168011 1.07424392016 0.980815986819
0.592283715798 0.588557558782 0.62 0.560357029045 0.611882341631 0.672309452559 0.672309452559 0.75709972923 0.679117073854 0.6 0.750732975165 0.80622577483 0.411825205639 0.440454310911 0.538516480713 0.58137767415 0.429418211072 0.329848450049 0.353836120259 0.420475920833 0.34 0.26 0.600333240792 1.00657836257 0.644980619864 0.80622577483 0.750732975165 0.722495674728 0.679411510059 0.651152823844 0.58 0.398497176903 0.555697759578 0.555697759578 0.592283715798 0.617413961617 0.349284983931 0.428018691181 0.410365690574 0.416173040934 0.412310562562 0.404969134626 0.340587727319 0.342344855372 0.282842712475 0.429418211072 0.563560112144 0.582408791142 0.528015151298 0.382099463491
0.332866339542 0.545893762558 0.699714227381 0.81437092286 0.854400374532 0.902441133814 0.865794432877 0.700285656 0.887693640847 1.04861813831 1.17046999107 1.02800778207 1.03324730825 0.820975030071 0.735391052434 0.835224520713 0.635609943283 1.1627553483 1.05261578936 0.791959594929 0.809197132966 0.940212741883 1.29691942695 1.86815416923 2.05572371685 1.64984847789 1.05848948979 0.960208310733 0.841189633793 0.752861208989 0.721110255093 0.742159012611 0.76550636836 0.761577310586 0.718052922841 0.704556598152 0.741080292546 0.682641926635 0.594642749893 0.631506136154 0.585491246732 0.514198405287 0.500399840128 0.444072066223 0.392937654088 0.588217646794 0.674685111737 0.590931468108 0.624819974073 0.58
0.481663783152 0.282842712475 0.107703296143 0.0282842712475 0.328024389337 0.4472135955 0.188679622641 0.260768096208 0.269072480941 0.2683281573 0.2683281573 0.312409987036 0.518844870843 0.60166435826 0.950368349641 0.882043082848 0.965401470892 1.64596476268 1.3013838788 0.724982758416 0.60827625303 0.531413210223 0.514198405287 0.483321838944 0.537401153702 0.750732975165 0.816088230524 0.699714227381 0.652993108693 0.76550636836 0.655133574166 0.664830805544 0.682641926635 0.746726188104 0.784091831357 0.708801805867 0.843800924389 0.718052922841 0.926498785752 0.817067928633 0.744311762637 0.722495674728 0.735391052434 0.777946013551 0.835463942968 0.848528137424 0.933809402394 0.868331733844 0.81437092286 0.960416576283
0.08 0.101980390272 0.101980390272 0.08 0.101980390272 0.08 0.04472135955 0.06 0.06 0.04 0.06 0.06 0.04 0.101980390272 0.1 0.116619037897 0.126491106407 0.126491106407 0.16 0.161245154966 0.16 0.18 0.329848450049 0.488262224629 0.609590026165 0.470744091838 0.368781778292 0.417612260356 0.553172667438 0.67082039325 0.81215762017 0.892860571422 0.873613186714 0.917605579756 0.873613186714 0.761577310586 0.577234787586 0.250599281723 0.47539457296 0.421900462195 0.181107702763 0.126491106407 0.16 0.316227766017 0.410365690574 0.2 0.291204395571 0.277848879789 0.331058907145 0.22360679775
0.920869154658 0.880908621822 0.87863530546 0.716100551599 0.573061951276 0.624819974073 0.79649231007 0.891066776398 0.660302960769 0.460434577329 0.367695526217 0.305941170816 0.286356421266 0.278567765544 0.266833281283 0.161245154966 0.0632455532034 0.02 0.0894427191 0.0894427191 0.0894427191 0.0894427191 0.0824621125124 0.0632455532034 0.0632455532034 0.0721110255093 0.0721110255093 0.0848528137424 0.0848528137424 0.0848528137424 0.1 0.0894427191 0.101980390272 0.101980390272 0.0824621125124 0.08 0.101980390272 0.101980390272 0.101980390272 0.1 0.1 0.101980390272 0.08 0.1 0.0824621125124 0.0565685424949 0.0632455532034 0.06 0.0632455532034 0.06
1.10435501538 1.0539449701 1.14560027933 1.28140547837 1.48808601902 1.22588743366 0.856037382361 0.987927122818 0.999599919968 0.953519795285 0.538516480713 1.12160599142 1.10941425987 1.12924753708 0.913016976841 0.84970583145 0.967677632272 1.03846039886 1.18878088814 1.10652609549 1.12071405809 1.14437756007 1.04690018626 0.925418824101 0.5366563146 0.56462376854 0.6260990337 0.67082039325 0.600333240792 0.488262224629 0.372021504755 0.394461658466 0.545893762558 0.644980619864 0.710211236183 0.727186358508 0.771751255263 0.799249648108 1.04957134107 1.20929731663 0.991564420499 0.834505841801 0.707672240518 0.538144961883 0.644049687524 0.737563556583 0.793977329651 0.650538238692 0.4 0.272029410175
0.565685424949 0.47539457296 0.424264068712 0.280713376952 0.181107702763 0.18973665961 0.184390889146 0.297321374946 0.424264068712 0.322490309932 0.240831891576 0.282842712475 0.588217646794 0.58 0.493963561409 0.556057550978 0.532541078228 0.528015151298 0.551724568965 0.568506816142 0.566038867923 0.613514466007 0.728010988928 0.79649231007 0.778203058334 0.754718490565 0.848999411072 0.933380951166 0.943398113206 1.18067777145 1.8039955654 2.05572371685 2.0 1.82887943834 1.99248588452 2.24008928393 2.26592144612 1.66192659284 1.1627553483 1.19230868486 1.01980390272 0.956033472217 1.1 1.31209755735 1.39269522868 1.28996123973 1.36014705087 1.03942291681 0.764198926982 0.144222051019
0.557853027239 0.541479454827 0.62128898268 0.622896460096 0.601331855135 0.509901951359 0.613514466007 0.75709972923 0.52 0.511077293567 0.40249223595 0.441814440687 0.577234787586 0.490306026885 0.56 0.58 0.600333240792 0.47539457296 0.425205832509 0.488262224629 0.970154626851 1.38 0.937443331621 1.16017240098 1.23369364106 1.22930874885 1.28809937505 1.82439030912 1.24257796536 0.729931503636 0.906200860737 0.80622577483 1.0 1.11606451426 1.02625532885 0.728010988928 0.45607017004 0.297321374946 0.373630833845 0.420475920833 0.461735855225 0.364965751818 0.300665927567 0.252982212813 0.196977156036 0.170880074906 0.18 0.2683281573 0.26 0.320624390838
0.655133574166 0.67082039325 0.710211236183 0.664830805544 0.796994353807 0.792464510246 0.761051903618 0.74 0.659696900099 0.805232885568 0.742159012611 0.752861208989 0.858836422143 0.778973683766 0.880908621822 0.672011904656 1.13718951807 1.08258948822 0.748865809074 0.828009661779 0.932308961665 0.942549733436 1.00439036236 1.05261578936 0.999599919968 0.903548559846 0.8049844719 0.751531769122 0.742428447731 0.687313611098 0.721110255093 0.948683298051 0.687313611098 0.72470683728 0.54626001135 0.372021504755 0.386264158317 0.404969134626 0.412310562562 0.431740662898 0.490306026885 0.52038447325 0.503587132481 0.509901951359 0.407921561087 0.412310562562 0.762364742102 0.92 0.769415362467 0.575847201956
0.580344725142 0.480416485979 0.461735855225 0.373630833845 0.184390889146 0.266833281283 0.340587727319 0.444072066223 0.398497176903 0.382099463491 0.52 0.676756972628 0.733484832836 0.660302960769 0.588557558782 0.529528091795 0.509901951359 0.600333240792 1.30751673029 1.35484316436 0.72470683728 0.666033032214 1.12089250154 1.44055544843 1.16498927034 0.607289058028 0.620322496771 0.625139984324 0.430813184571 0.501597448159 0.554616984954 0.54918120871 0.538516480713 0.6 0.693108938047 0.664830805544 0.60827625303 0.537401153702 0.512640224719 0.568858506133 0.563205113613 0.582408791142 0.674685111737 0.602992537267 0.67052218457 0.687313611098 0.721110255093 0.682641926635 0.509901951359 0.60166435826
0.144222051019 0.156204993518 0.156204993518 0.170880074906 0.184390889146 0.16 0.121655250606 0.0632455532034 0.0282842712475 0.04472135955 0.0848528137424 0.156204993518 0.212602916255 0.216333076528 0.241660919472 0.234093998214 0.252982212813 0.297321374946 0.323109888428 0.286356421266 0.322490309932 0.373630833845 0.468614980554 0.666033032214 0.593632883186 0.572013985843 0.694262198308 0.72470683728 0.87863530546 0.957705591505 0.891066776398 0.681175454637 0.566038867923 0.596657355607 0.611882341631 0.404969134626 0.474130783645 0.557853027239 0.561426753905 0.580344725142 0.460434577329 0.44 0.322490309932 0.188679622641 0.1788854382 0.11313708499 0.3 0.329848450049 0.340587727319 0.404969134626
0.468614980554 0.5 0.466476151588 0.367151195014 0.297321374946 0.286356421266 0.234093998214 0.161245154966 0.172046505341 0.152315462117 0.161245154966 0.220907220344 0.263058928759 0.280713376952 0.24 0.164924225025 0.0824621125124 0.11313708499 0.1 0.1 0.1 0.126491106407 0.121655250606 0.126491106407 0.101980390272 0.0894427191 0.0894427191 0.116619037897 0.11313708499 0.11313708499 0.1 0.128062484749 0.116619037897 0.11313708499 0.11313708499 0.128062484749 0.116619037897 0.128062484749 0.128062484749 0.13416407865 0.144222051019 0.156204993518 0.170880074906 0.181107702763 0.203960780544 0.164924225025 0.116619037897 0.116619037897 0.101980390272 0.141421356237
1.60012499512 1.86601178989 2.15230109418 1.5558920271 0.141421356237 0.501597448159 0.916078599248 0.837376856618 0.637808748764 0.593632883186 0.6260990337 0.612209114601 0.58137767415 0.61611687203 0.593632883186 0.576888204074 0.54918120871 0.560357029045 0.58412327466 0.544058820349 0.54918120871 0.576888204074 0.566038867923 0.590931468108 0.710211236183 0.600333240792 0.6 0.620322496771 0.661211010193 0.885437744847 1.17660528641 1.29630243385 1.56012819986 1.50943698113 1.02078401241 0.896437393241 0.791959594929 0.594642749893 0.396988664826 0.316227766017 0.367151195014 0.388329756779 0.340587727319 0.260768096208 0.22360679775 0.240831891576 0.256124969497 0.22803508502 0.2 0.22803508502
0.286356421266 0.26 0.234093998214 0.215406592285 0.215406592285 0.215406592285 0.280713376952 0.302654919008 0.329848450049 0.398497176903 0.412310562562 0.456508488421 0.49193495505 0.483735464898 0.425205832509 0.396988664826 0.396988664826 0.444072066223 0.494772675074 0.640312423743 0.74 0.684105255059 0.765767588763 0.793977329651 0.831865373723 1.22588743366 1.5062536307 1.40684043161 1.18928549979 0.9759098319 1.13841995766 1.22016392341 1.17046999107 0.820975030071 0.735934779719 0.904433524368 1.42940547082 1.45602197786 1.11427106217 1.04861813831 1.35955875195 1.66012047756 1.40527577365 0.304630924235 0.573061951276 0.809938269253 0.76026311235 0.644980619864 0.532541078228 0.493963561409
0.116619037897 0.156204993518 0.18973665961 0.247386337537 0.341760149813 0.377359245282 0.412310562562 0.474130783645 0.627694193059 0.703420215803 0.859069263797 1.12089250154 1.42056326857 1.18016947935 0.4472135955 0.688767014309 0.4472135955 0.449444101085 0.480832611207 0.521536192416 0.561426753905 0.628012738724 0.721110255093 0.734302390027 0.764198926982 0.398497176903 0.316227766017 0.791201617794 0.802246844805 0.626418390535 0.647765389628 0.879317917479 1.04403065089 1.18928549979 0.742428447731 0.305941170816 0.272029410175 0.282842712475 0.34 0.304630924235 0.286356421266 0.304630924235 0.286356421266 0.278567765544 0.272029410175 0.302654919008 0.380525951809 0.427551166529 0.550272659688 0.56920997883
0.196977156036 0.20591260282 0.188679622641 0.126491106407 0.0848528137424 0.0894427191 0.144222051019 0.212602916255 0.277848879789 0.286356421266 0.297321374946 0.310483493925 0.335261092285 0.377359245282 0.444072066223 0.465188133985 0.439089968002 0.523450093132 0.6 0.920869154658 0.950157881618 0.880908621822 0.969329665284 0.961041102139 0.937443331621 0.86209048249 0.60166435826 0.60166435826 0.824621125124 0.941488183675 0.942549733436 0.845931439302 0.72470683728 0.735934779719 0.604648658313 0.295296461205 0.297321374946 0.256124969497 0.2 0.156204993518 0.1 0.141421356237 0.335261092285 0.449444101085 0.468614980554 0.524976189936 0.540370243444 0.624819974073 0.763675323681 0.905538513814
0.331058907145 0.384187454246 0.496789693935 0.553172667438 0.560357029045 0.555697759578 0.483321838944 0.354400902933 0.320624390838 0.184390889146 0.220907220344 0.322490309932 0.288444102037 0.37947331922 0.878179936004 0.89375611886 0.9068627239 1.58 1.40698258696 1.04690018626 0.860232526704 1.03324730825 1.26063476075 0.919347594765 1.10290525432 1.08240473022 1.04709120902 0.942549733436 0.863481325797 0.863712915268 1.26491106407 1.39742620557 1.00498756211 0.640312423743 0.528393792545 0.461735855225 0.401995024845 0.382099463491 0.349284983931 0.260768096208 0.220907220344 0.200997512422 0.145602197786 0.101980390272 0.107703296143 0.06 0.144222051019 0.161245154966 0.234093998214 0.252982212813
0.152315462117 0.156204993518 0.212602916255 0.215406592285 0.362215405525 0.404474968323 0.382099463491 0.431740662898 0.4472135955 0.521536192416 0.681175454637 0.726911273815 0.766550715869 0.782304288624 0.722495674728 0.602992537267 0.602992537267 0.60166435826 0.609261848469 0.56462376854 0.501198563446 0.518844870843 0.501597448159 0.501597448159 0.54626001135 0.544058820349 0.58412327466 0.769415362467 1.46696966567 1.87445992222 1.08406641863 0.659696900099 0.856037382361 0.904433524368 0.732393336944 0.793977329651 0.679411510059 0.58412327466 0.4472135955 0.354400902933 0.31304951685 0.388329756779 0.440454310911 0.466904701197 0.484148737476 0.449444101085 0.444072066223 0.305286750449 0.241660919472 0.277848879789
