raster_test2_slope.txt
ncols	238
nrows	278
xllcorner	666013.0
yllcorner	141013.0
cellsize	25.0
NODATA_VALUE	-9999.0
[rows 88 to 109 of 278, columns 100 to 149 of 238]
0.256124969497 0.272029410175 0.278567765544 0.263058928759 0.243310501212 0.240831891576 0.220907220344 0.284253408071 0.18973665961 0.240831891576 0.22360679775 0.161245154966 0.14 0.200997512422 0.247386337537 0.13416407865 0.06 0.260768096208 0.442718872424 0.384707681233 0.360555127546 0.31304951685 0.20591260282 0.260768096208 0.300665927567 0.545893762558 0.709365914039 0.699714227381 0.566038867923 0.468187996429 0.344093010682 0.360555127546 0.304630924235 0.266833281283 0.220907220344 0.325576411922 0.420475920833 0.420475920833 0.388329756779 0.373630833845 0.483735464898 0.620322496771 0.76026311235 0.641248781675 0.412310562562 0.474130783645 0.460434577329 0.493963561409 0.449444101085 0.423792402008
0.284253408071 0.305286750449 0.3 0.188679622641 0.107703296143 0.107703296143 0.116619037897 0.126491106407 0.126491106407 0.101980390272 0.1 0.11313708499 0.116619037897 0.116619037897 0.128062484749 0.128062484749 0.141421356237 0.141421356237 0.128062484749 0.128062484749 0.13416407865 0.161245154966 0.16 0.161245154966 0.161245154966 0.161245154966 0.14 0.141421356237 0.16 0.14 0.181107702763 0.240831891576 0.215406592285 0.2 0.216333076528 0.240831891576 0.22803508502 0.216333076528 0.233238075794 0.22627416998 0.256124969497 0.286356421266 0.345253530033 0.320624390838 0.282842712475 0.241660919472 0.08 0.161245154966 0.1788854382 0.197989898732
1.04938076979 0.88 0.768374908492 1.21078486941 1.00419121685 1.01390334845 0.826801064344 0.837615663655 0.657875368136 0.461735855225 0.145602197786 0.349857113691 0.709365914039 1.08848518594 1.18928549979 1.1574109037 1.06301458127 0.874757109145 0.752861208989 0.81437092286 0.771751255263 0.627694193059 0.556057550978 0.551724568965 0.56639209034 0.58 0.627694193059 0.645600495663 0.632455532034 0.680294054068 0.635295206971 0.689637585983 0.688767014309 0.690796641567 0.716937933157 0.6260990337 0.438634243989 0.316227766017 0.244131112315 0.212602916255 0.269072480941 0.254558441227 0.1788854382 0.0848528137424 0.116619037897 0.126491106407 0.107703296143 0.101980390272 0.0824621125124 0.0565685424949
0.58137767415 0.354400902933 0.107703296143 0.196977156036 0.241660919472 0.297321374946 0.305941170816 0.302654919008 0.300665927567 0.280713376952 0.24 0.291204395571 0.349284983931 0.380525951809 0.380525951809 0.401995024845 0.364965751818 0.440454310911 0.444072066223 0.449444101085 0.538516480713 0.572013985843 1.06075444849 1.42562267098 1.30873985192 1.41605084654 1.5 1.56486421136 1.24739729036 0.862786184405 0.978365984691 0.980815986819 1.20332871652 1.04019228992 1.13030969208 0.859069263797 0.883628881375 0.893084542471 0.9759098319 0.992975326985 0.751797845169 0.659696900099 0.655133574166 0.620322496771 0.600333240792 0.444072066223 0.585491246732 0.560357029045 0.481663783152 0.676756972628
0.592283715798 0.588217646794 0.529528091795 0.664830805544 0.680294054068 0.601331855135 0.628012738724 0.659696900099 0.684105255059 0.703420215803 0.62096698785 0.557135531087 0.538516480713 0.461735855225 0.47539457296 0.528015151298 0.493963561409 0.444072066223 0.429418211072 0.3577708764 0.304630924235 0.329848450049 0.5 0.605309838017 0.480416485979 0.360555127546 0.28 0.282842712475 0.286356421266 0.297321374946 0.323109888428 0.429418211072 0.566038867923 0.710211236183 0.862786184405 0.885663593019 0.914111590562 0.664830805544 0.52 0.440454310911 0.332866339542 0.14 0.181107702763 0.241660919472 0.34 0.3577708764 0.329848450049 0.320624390838 0.320624390838 0.282842712475
0.488262224629 0.322490309932 0.304630924235 0.5 0.737834669828 0.771751255263 0.58137767415 0.6 0.676756972628 0.632455532034 0.460434577329 0.488262224629 0.6260990337 0.737563556583 0.766550715869 0.644049687524 0.421900462195 0.31304951685 0.32 0.280713376952 0.304630924235 0.340587727319 0.384187454246 0.3577708764 0.272029410175 0.368781778292 0.3 0.272029410175 0.312409987036 0.286356421266 0.325576411922 0.367695526217 0.404969134626 0.505964425627 0.421900462195 0.323109888428 0.31304951685 0.349857113691 0.260768096208 0.362215405525 0.514198405287 0.626418390535 0.631506136154 0.690507060065 0.707106781187 0.61611687203 0.553172667438 0.54626001135 0.635609943283 0.76026311235
0.386264158317 0.465188133985 0.583095189485 0.594642749893 0.635609943283 0.980612053771 1.29691942695 1.22800651464 0.6977105417 0.412310562562 0.34 0.172046505341 0.181107702763 0.215406592285 0.244131112315 0.305286750449 0.328024389337 0.395979797464 0.593969696197 0.912140340079 0.967470929796 0.367151195014 0.624819974073 0.368781778292 0.417612260356 0.588217646794 0.687313611098 0.789176786278 0.785875308176 0.791201617794 0.776659513558 0.882949602186 0.980815986819 0.652993108693 0.694262198308 0.841189633793 0.627694193059 0.80622577483 0.785875308176 0.752861208989 0.465188133985 0.02 0.196977156036 0.388329756779 0.676756972628 0.8049844719 0.631506136154 0.680294054068 0.664830805544 0.533666562565
0.22360679775 0.335261092285 0.360555127546 0.367151195014 0.325576411922 0.52 0.543323108288 0.440454310911 0.451220566907 0.404969134626 0.470744091838 0.568858506133 0.676756972628 0.664830805544 0.617737808459 0.609261848469 0.514198405287 0.398497176903 0.169705627485 0.0824621125124 0.256124969497 0.250599281723 0.0721110255093 0.1 0.200997512422 0.200997512422 0.184390889146 0.181107702763 0.141421356237 0.126491106407 0.101980390272 0.04472135955 0.0824621125124 0.2 0.22 0.20591260282 0.20591260282 0.1 0.184390889146 0.286356421266 0.341760149813 0.37947331922 0.51923019943 0.626418390535 0.651459898996 0.724982758416 0.987927122818 1.25299640861 0.967677632272 0.666033032214
0.04 0.02 0.04472135955 0.04472135955 0.0282842712475 0.0632455532034 0.0848528137424 0.0848528137424 0.0721110255093 0.0848528137424 0.0721110255093 0.0721110255093 0.0721110255093 0.0721110255093 0.0848528137424 0.0894427191 0.0894427191 0.0894427191 0.101980390272 0.164924225025 0.18 0.18 0.2 0.181107702763 0.18 0.18 0.181107702763 0.161245154966 0.126491106407 0.126491106407 0.13416407865 0.13416407865 0.11313708499 0.116619037897 0.128062484749 0.128062484749 0.144222051019 0.164924225025 0.164924225025 0.164924225025 0.184390889146 0.286356421266 0.316227766017 0.432666153056 0.444072066223 0.526117857519 0.596657355607 0.505964425627 0.398497176903 0.431740662898
1.0560303026 0.92800862065 0.824621125124 0.764198926982 0.664830805544 0.650538238692 0.636553218514 0.60827625303 0.628012738724 0.699714227381 0.652993108693 0.509901951359 0.4472135955 0.349284983931 0.291204395571 0.240831891576 0.288444102037 0.386264158317 0.494772675074 0.6260990337 0.60827625303 0.638122245342 0.721110255093 0.710211236183 0.737834669828 0.768374908492 0.777946013551 0.74966659256 0.438634243989 0.161245154966 0.0282842712475 0.04472135955 0.04472135955 0.04472135955 0.0565685424949 0.0565685424949 0.04472135955 0.04472135955 0.04472135955 0.0 0.04 0.04 0.04472135955 0.0565685424949 0.04472135955 0.04472135955 0.0565685424949 0.0848528137424 0.0848528137424 0.0894427191
0.444072066223 0.594642749893 0.656048778674 0.920869154658 0.924770241736 0.782304288624 0.710211236183 0.583095189485 0.6428063472 0.67082039325 0.644980619864 0.601331855135 0.560357029045 0.52 0.501597448159 0.557853027239 0.716100551599 1.08406641863 1.00498756211 0.8049844719 0.991564420499 1.42562267098 1.21918005233 1.07628992377 0.937229961109 1.00019998 0.921954445729 0.823893196962 0.780256368125 0.679117073854 0.51923019943 0.197989898732 0.526117857519 0.902441133814 1.04709120902 1.04709120902 1.11516814876 1.11946415753 0.991564420499 0.920217365626 0.820731381147 0.668430998683 0.693108938047 0.693108938047 0.650538238692 0.664830805544 0.637808748764 0.594642749893 0.60827625303 0.638122245342
0.382099463491 0.323109888428 0.372021504755 0.438634243989 0.54626001135 0.782304288624 0.716937933157 0.620322496771 0.592283715798 0.568858506133 0.545893762558 0.490306026885 0.466904701197 0.420475920833 0.420475920833 0.481663783152 0.486621002424 0.486621002424 0.441814440687 0.420475920833 0.461735855225 0.429418211072 0.272029410175 0.181107702763 0.331058907145 0.468614980554 0.480832611207 0.34 0.340587727319 0.487031826475 0.557853027239 0.486621002424 0.438634243989 0.554616984954 0.676756972628 0.557135531087 0.286356421266 0.260768096208 0.393954312072 0.396988664826 0.488262224629 0.651152823844 0.950157881618 1.35203550249 0.805232885568 0.713862731903 0.659696900099 0.660302960769 0.726911273815 0.704556598152
0.785875308176 0.652993108693 0.666033032214 0.622896460096 0.495176736126 0.404474968323 0.425205832509 0.544058820349 0.280713376952 0.310483493925 0.320624390838 0.627694193059 0.729931503636 0.917605579756 0.860929730001 0.917605579756 1.14157785543 0.793221280602 0.83258633186 0.735391052434 0.590592922409 0.602992537267 0.601331855135 0.538516480713 0.494772675074 0.404969134626 0.594642749893 0.468614980554 0.500399840128 0.483321838944 0.360555127546 0.438634243989 0.466476151588 0.501597448159 0.353836120259 0.411825205639 0.360555127546 0.388329756779 0.533666562565 0.594642749893 0.412310562562 0.349284983931 0.388329756779 0.388329756779 0.644049687524 0.805232885568 0.544058820349 0.423792402008 0.461735855225 0.526117857519
0.34 0.196977156036 0.184390889146 0.172046505341 0.184390889146 0.316227766017 0.554616984954 0.583095189485 0.54626001135 0.620322496771 0.721110255093 0.826801064344 0.945938687231 1.1313708499 0.945938687231 1.1313708499 1.20216471417 0.905538513814 0.590592922409 0.858836422143 0.905096679919 1.09836241742 0.688186021363 0.466904701197 0.631506136154 0.800499843848 0.879317917479 0.698569967863 0.682641926635 0.840238061504 0.970154626851 0.988129546163 0.76026311235 0.823893196962 0.861626369142 0.927793080379 1.0616967552 1.04019228992 0.885663593019 0.961873172513 0.941912947145 0.798498591107 0.809197132966 0.734302390027 0.56462376854 0.40049968789 0.628012738724 0.628012738724 0.286356421266 0.362215405525
0.244131112315 0.340587727319 0.278567765544 0.2683281573 0.322490309932 0.349284983931 0.380525951809 0.247386337537 0.302654919008 0.412310562562 0.233238075794 0.486621002424 0.430813184571 0.3 0.312409987036 0.215406592285 0.407921561087 0.545893762558 0.557135531087 0.596657355607 0.523450093132 0.512249938995 0.456508488421 0.493963561409 0.429418211072 0.439089968002 0.486621002424 0.388329756779 0.323109888428 0.382099463491 0.514198405287 0.590931468108 0.79649231007 0.944033897696 0.706823881883 0.632455532034 0.610573500899 0.444072066223 0.284253408071 0.208806130178 0.184390889146 0.156204993518 0.2 0.141421356237 0.13416407865 0.184390889146 0.384707681233 0.563205113613 0.60166435826 0.639061812347
0.04 0.04472135955 0.0565685424949 0.04472135955 0.0282842712475 0.0565685424949 0.04472135955 0.04472135955 0.0282842712475 0.04 0.04 0.0282842712475 0.0632455532034 0.101980390272 0.121655250606 0.101980390272 0.101980390272 0.101980390272 0.101980390272 0.121655250606 0.145602197786 0.16 0.18 0.181107702763 0.16 0.141421356237 0.14 0.141421356237 0.121655250606 0.126491106407 0.126491106407 0.107703296143 0.116619037897 0.126491106407 0.126491106407 0.12 0.11313708499 0.145602197786 0.203960780544 0.240831891576 0.295296461205 0.269072480941 0.269072480941 0.367151195014 0.341760149813 0.272029410175 0.128062484749 0.360555127546 0.196977156036 0.362215405525
0.496789693935 0.493963561409 0.465188133985 0.377359245282 0.420475920833 0.45607017004 0.404969134626 0.461735855225 0.456946386352 0.388329756779 0.412310562562 0.412310562562 0.331058907145 0.305941170816 0.286356421266 0.22360679775 0.184390889146 0.26 0.528015151298 0.924770241736 1.02156742313 0.816333265278 0.428018691181 0.116619037897 0.1 0.0848528137424 0.101980390272 0.101980390272 0.0824621125124 0.0824621125124 0.0632455532034 0.08 0.06 0.06 0.04 0.04 0.04 0.04 0.04 0.04 0.04 0.0282842712475 0.0565685424949 0.0565685424949 0.0282842712475 0.0282842712475 0.0282842712475 0.04 0.06 0.0565685424949
1.00975244491 0.914111590562 0.820243866176 0.503587132481 0.456508488421 0.398497176903 0.509901951359 0.734302390027 0.708801805867 0.720277724215 0.560357029045 0.561426753905 0.611882341631 0.929731143934 1.06451867057 1.20830459736 1.09123782926 0.86209048249 0.980815986819 0.940212741883 0.986711710684 1.14490174251 1.25538838612 1.4322011032 1.18406080925 0.200997512422 0.721387551875 0.952680429105 1.00419121685 0.912140340079 0.728010988928 0.678822509939 0.699714227381 0.620322496771 0.6260990337 0.672309452559 0.638122245342 0.635295206971 0.563560112144 0.449444101085 0.4 0.3577708764 0.368781778292 0.362215405525 0.360555127546 0.401995024845 0.480832611207 0.461735855225 0.442718872424 0.449444101085
0.417612260356 0.486621002424 0.617737808459 0.60827625303 0.401995024845 0.388329756779 0.325576411922 0.372021504755 0.421900462195 0.456508488421 0.47539457296 0.505964425627 0.514198405287 0.543323108288 0.565685424949 0.605309838017 0.641248781675 0.600333240792 0.34 0.126491106407 0.20591260282 0.212602916255 0.444072066223 0.5 0.31304951685 0.286356421266 0.24 0.243310501212 0.286356421266 0.316227766017 0.34 0.394461658466 0.429418211072 0.511077293567 0.5366563146 0.721110255093 1.00319489632 1.2419339757 0.903769882216 0.809938269253 1.20415945788 1.10634533488 0.944033897696 0.737563556583 0.67052218457 1.04938076979 0.809197132966 0.708801805867 0.769415362467 1.01271911209
0.931450481776 0.835224520713 0.808949936646 0.764198926982 0.823893196962 0.823893196962 0.714702735408 0.688186021363 0.735391052434 0.930376267969 0.503587132481 0.62096698785 0.7155417528 0.784091831357 0.919347594765 0.716937933157 0.907964757025 0.926498785752 1.09178752512 0.693397432934 1.08258948822 0.989545350148 0.664830805544 0.79649231007 1.01980390272 0.877268487978 0.625139984324 0.620322496771 0.506359556047 0.477074417675 0.316227766017 0.468187996429 0.442718872424 0.501597448159 0.466904701197 0.528015151298 0.37947331922 0.384707681233 0.4472135955 0.429418211072 0.384707681233 0.441814440687 0.572712842531 0.635295206971 0.404969134626 0.4 0.349284983931 0.384187454246 0.416173040934 0.429418211072
0.777946013551 0.635609943283 0.707106781187 0.8 0.684105255059 0.707672240518 0.79649231007 0.776659513558 0.721387551875 0.62128898268 0.67082039325 0.668430998683 0.664830805544 0.651152823844 0.752861208989 0.826801064344 1.20415945788 1.683092392 1.71020466611 1.34372616258 0.679117073854 0.47539457296 0.533666562565 0.980815986819 1.68582324103 1.61418710192 0.903548559846 0.824621125124 0.724430811051 0.76 0.708801805867 0.921954445729 0.835463942968 0.960832971957 0.808949936646 0.901997782702 0.822921624458 0.848528137424 0.6428063472 0.900222194794 0.874757109145 0.75709972923 0.70256672281 0.622896460096 0.651152823844 0.54918120871 0.610573500899 0.809197132966 0.848763806957 0.884081444212
0.734302390027 0.690796641567 0.607289058028 0.375765884561 0.325576411922 0.384707681233 0.382099463491 0.421900462195 0.388329756779 0.503587132481 0.538516480713 0.277848879789 0.577234787586 0.746726188104 0.907964757025 0.974063652951 1.08461974904 1.10145358504 0.863712915268 0.627694193059 0.480832611207 0.465188133985 0.466904701197 0.553172667438 0.565685424949 0.532541078228 0.465188133985 0.322490309932 0.256124969497 0.22360679775 0.282842712475 0.32 0.380525951809 0.360555127546 0.181107702763 0.340587727319 0.655133574166 0.68 0.860232526704 0.865332306111 0.744311762637 0.6260990337 0.504777178565 0.666033032214 0.764198926982 0.764198926982 0.768374908492 0.778973683766 0.756042326857 0.716937933157
