raster_test2_slope.txt
ncols	238
nrows	278
xllcorner	666013.0
yllcorner	141013.0
cellsize	25.0
NODATA_VALUE	-9999.0
[rows 154 to 175 of 278, columns 0 to 49 of 238]
0.141421356237 0.0824621125124 0.0632455532034 0.04472135955 0.04472135955 0.04472135955 0.02 0.04 0.0632455532034 0.08 0.101980390272 0.101980390272 0.161245154966 0.18 0.220907220344 0.22360679775 0.291204395571 0.316227766017 0.316227766017 0.396988664826 0.509116882454 0.594642749893 0.664830805544 0.693108938047 0.721387551875 0.722495674728 0.81215762017 0.820975030071 0.721110255093 0.681175454637 0.635609943283 0.76550636836 0.777946013551 0.278567765544 0.432666153056 0.47539457296 0.461735855225 0.460434577329 0.470744091838 0.550272659688 0.626418390535 0.694262198308 0.842140130857 0.689637585983 0.56462376854 0.52 0.528015151298 0.563560112144 0.58137767415 0.753923072999
0.544058820349 0.6260990337 0.746726188104 0.912140340079 1.0192153845 0.94847245611 0.81215762017 0.772010362625 0.6977105417 0.67082039325 0.737834669828 0.721387551875 0.721110255093 0.665732679084 0.672309452559 0.602992537267 0.785875308176 0.894427191 0.967470929796 0.704556598152 0.940850678907 0.791201617794 0.781024967591 0.848528137424 0.835463942968 0.82 0.644049687524 0.636553218514 0.609590026165 0.56639209034 0.596657355607 0.791201617794 0.710211236183 0.360555127546 0.282842712475 0.2683281573 0.26 0.212602916255 0.22360679775 0.26 0.305286750449 0.184390889146 0.0848528137424 0.0721110255093 0.0721110255093 0.0848528137424 0.0848528137424 0.0282842712475 0.04 0.0721110255093
0.660302960769 0.848763806957 1.47580486515 1.77504929509 0.740270220933 0.284253408071 0.768374908492 1.05261578936 1.04690018626 0.89888820217 0.940850678907 0.865794432877 0.761051903618 0.701141925718 0.703420215803 0.751531769122 0.782304288624 0.909065454189 1.40427917452 1.45244621243 1.2587295182 1.08406641863 0.993176721435 1.0192153845 1.1258774356 1.16841773352 1.08664621658 1.00439036236 1.02391405889 0.996393496566 0.887693640847 0.93914855055 0.792464510246 0.958540557306 1.1882760622 1.14856432123 1.20415945788 1.08074048689 0.835463942968 0.58 0.672309452559 0.681175454637 0.72470683728 0.885437744847 1.06733312513 1.07200746266 0.843800924389 0.728010988928 0.644980619864 0.733484832836
0.240831891576 0.240831891576 0.216333076528 0.244131112315 0.269072480941 0.269072480941 0.254558441227 0.260768096208 0.2683281573 0.278567765544 0.272029410175 0.278567765544 0.277848879789 0.284253408071 0.360555127546 0.404969134626 0.372021504755 0.297321374946 0.311126983722 0.22803508502 0.260768096208 0.260768096208 0.260768096208 0.28 0.300665927567 0.305941170816 0.305941170816 0.291204395571 0.2683281573 0.256124969497 0.325576411922 0.396988664826 0.438634243989 0.45343136195 0.484148737476 0.556057550978 0.596657355607 0.637808748764 0.696562990691 0.684105255059 0.756042326857 1.44941367456 1.88806779539 1.13296072306 0.266833281283 0.678822509939 0.893084542471 1.06508215646 0.976524449259 0.878179936004
0.295296461205 0.277848879789 0.341760149813 0.368781778292 0.441814440687 0.500399840128 0.521536192416 0.580344725142 0.620322496771 0.540370243444 0.52038447325 0.521536192416 0.541479454827 0.541479454827 0.503587132481 0.501597448159 0.48 0.441814440687 0.466904701197 0.444072066223 0.421900462195 0.401995024845 0.384707681233 0.382099463491 0.340587727319 0.340587727319 0.32 0.320624390838 0.243310501212 0.240831891576 0.260768096208 0.22803508502 0.215406592285 0.234093998214 0.20591260282 0.196977156036 0.196977156036 0.172046505341 0.172046505341 0.184390889146 0.2 0.22803508502 0.22803508502 0.212602916255 0.240831891576 0.282842712475 0.272029410175 0.277848879789 0.250599281723 0.252982212813
1.06470653234 1.05546198416 1.13225438838 1.20415945788 1.02156742313 0.278567765544 0.5 0.651152823844 0.820731381147 1.10308657865 1.13172434806 0.835463942968 0.58137767415 0.421900462195 0.331058907145 0.304630924235 0.181107702763 0.107703296143 0.11313708499 0.144222051019 0.172046505341 0.172046505341 0.172046505341 0.184390889146 0.197989898732 0.197989898732 0.212602916255 0.2 0.20591260282 0.22360679775 0.250599281723 0.277848879789 0.256124969497 0.272029410175 0.305286750449 0.322490309932 0.305286750449 0.286356421266 0.323109888428 0.3577708764 0.34 0.368781778292 0.441814440687 0.540370243444 0.641248781675 0.741080292546 0.80099937578 0.741080292546 0.664830805544 0.596657355607
1.13507708989 1.06470653234 0.82 0.74 0.845931439302 0.924770241736 0.721110255093 0.748865809074 0.876584280032 0.957705591505 1.14769333883 0.980815986819 0.744311762637 0.76026311235 0.737563556583 0.627694193059 0.528015151298 0.509901951359 0.538144961883 0.60827625303 0.679411510059 0.776659513558 0.952680429105 1.13172434806 1.25602547745 1.33206606443 1.17388244727 1.037111373 1.13225438838 1.14542568506 1.24723694621 1.20830459736 1.08166538264 1.04 1.08461974904 1.00498756211 1.02313244499 1.17388244727 1.19816526406 1.32242202039 1.34014924542 1.27279220614 1.28405607354 1.13278418068 0.342344855372 0.680294054068 0.771751255263 0.835463942968 0.99357938787 1.01823376491
1.03247275993 0.746726188104 0.687313611098 0.789176786278 0.808949936646 0.851586754242 0.842140130857 0.880227243387 0.700285656 0.451220566907 0.466904701197 0.655133574166 0.722495674728 0.483735464898 0.252982212813 0.272029410175 0.382099463491 0.45343136195 0.0894427191 0.322490309932 0.474130783645 0.420475920833 0.349284983931 0.388329756779 0.4472135955 0.509901951359 0.613514466007 0.66211781429 0.609261848469 0.588217646794 0.684105255059 0.791201617794 1.0 1.07424392016 1.04 0.879317917479 0.885437744847 0.921954445729 0.963327566303 0.985088828482 1.05223571504 1.07517440446 0.917605579756 0.863481325797 0.664830805544 0.929731143934 0.848999411072 0.824621125124 0.865332306111 1.03247275993
0.672309452559 0.698569967863 0.905538513814 1.08258948822 1.12178429299 0.885889383614 0.566038867923 0.487031826475 0.340587727319 0.316227766017 0.282842712475 0.297321374946 0.553172667438 0.822192191644 0.831865373723 0.404969134626 0.921954445729 0.816088230524 0.762364742102 0.61611687203 0.5366563146 0.495176736126 0.456508488421 0.356089876295 0.4472135955 0.554616984954 0.572013985843 0.76026311235 0.873155198118 0.776659513558 1.13225438838 1.22262013725 1.36014705087 1.27279220614 0.898220462915 0.613514466007 0.742428447731 0.824621125124 0.985088828482 0.980815986819 0.966643677888 0.89554452709 0.823893196962 0.880908621822 0.868331733844 0.865794432877 1.02078401241 0.703420215803 0.54918120871 0.500399840128
0.341760149813 0.639061812347 0.728010988928 0.835703296631 1.03768974169 1.15169440391 1.07200746266 0.917605579756 0.97508973946 1.1610340219 1.14856432123 0.947628619239 0.891964124839 0.76026311235 0.68 0.68 0.8 0.80024996095 0.75709972923 0.76026311235 1.1 1.11570605448 0.878179936004 0.850881895447 0.840951841665 0.743236167042 0.58412327466 0.607289058028 0.600333240792 0.609590026165 0.652993108693 0.627694193059 0.672011904656 0.707106781187 0.632455532034 0.66211781429 0.727186358508 0.696562990691 0.679411510059 0.637808748764 0.58412327466 0.66211781429 0.961665222414 1.14978258814 0.989949493661 0.700285656 0.501597448159 0.40049968789 0.34 0.423792402008
0.172046505341 0.161245154966 0.161245154966 0.172046505341 0.156204993518 0.156204993518 0.156204993518 0.172046505341 0.172046505341 0.1788854382 0.152315462117 0.152315462117 0.188679622641 0.169705627485 0.2 0.256124969497 0.288444102037 0.250599281723 0.322490309932 0.34 0.34 0.331058907145 0.310483493925 0.322490309932 0.320624390838 0.34 0.364965751818 0.367695526217 0.40249223595 0.411825205639 0.456508488421 0.504777178565 0.560357029045 0.58 0.664830805544 0.593969696197 0.622253967444 0.848528137424 0.854400374532 0.310483493925 0.626418390535 0.690796641567 0.796241169496 1.06470653234 1.30598621739 1.21078486941 1.22262013725 1.1882760622 1.17388244727 1.14908659378
0.322490309932 0.240831891576 0.18973665961 0.184390889146 0.208806130178 0.22360679775 0.250599281723 0.254558441227 0.240831891576 0.197989898732 0.244131112315 0.256124969497 0.22627416998 0.22803508502 0.22803508502 0.2 0.184390889146 0.172046505341 0.169705627485 0.156204993518 0.13416407865 0.145602197786 0.152315462117 0.144222051019 0.144222051019 0.13416407865 0.13416407865 0.128062484749 0.141421356237 0.141421356237 0.11313708499 0.11313708499 0.141421356237 0.128062484749 0.141421356237 0.144222051019 0.128062484749 0.13416407865 0.13416407865 0.116619037897 0.152315462117 0.161245154966 0.144222051019 0.156204993518 0.156204993518 0.156204993518 0.156204993518 0.144222051019 0.1788854382 0.1788854382
0.75894663844 0.787908624144 0.869252552484 0.913892772704 0.848999411072 0.594642749893 0.793977329651 0.761577310586 0.442718872424 0.2 0.164924225025 0.144222051019 0.13416407865 0.215406592285 0.288444102037 0.22803508502 0.208806130178 0.22803508502 0.247386337537 0.266833281283 0.272029410175 0.252982212813 0.26 0.260768096208 0.295296461205 0.323109888428 0.297321374946 0.310483493925 0.305941170816 0.320624390838 0.34 0.320624390838 0.3 0.320624390838 0.300665927567 0.302654919008 0.32 0.322490309932 0.31304951685 0.256124969497 0.22803508502 0.170880074906 0.170880074906 0.152315462117 0.13416407865 0.128062484749 0.188679622641 0.20591260282 0.2 0.196977156036
1.1401754251 1.44899965493 1.23547561692 0.989949493661 0.68 0.679117073854 0.676756972628 0.854400374532 0.832346081867 0.837376856618 0.7 0.83258633186 1.02176318196 1.02625532885 1.38852439662 1.39312598138 1.12445542375 0.868331733844 0.672309452559 0.505964425627 0.18 0.128062484749 0.164924225025 0.407921561087 0.635609943283 0.839523674473 0.920217365626 0.967470929796 0.9 0.960832971957 1.1201785572 1.02176318196 0.882043082848 0.865794432877 0.903548559846 0.973242004848 1.15169440391 1.15134703717 0.854400374532 0.95078914592 0.823650411279 0.76026311235 0.753923072999 0.861626369142 0.887693640847 0.701141925718 0.622253967444 0.468187996429 0.243310501212 0.13416407865
0.470744091838 0.360555127546 0.316227766017 0.481663783152 0.411825205639 0.438634243989 0.505964425627 0.708801805867 0.674685111737 0.545893762558 0.58137767415 0.541479454827 0.662721661031 0.789176786278 0.735391052434 0.573061951276 0.481663783152 0.432666153056 0.393954312072 0.325576411922 0.278567765544 0.344093010682 0.368781778292 0.297321374946 0.241660919472 0.263058928759 0.181107702763 0.282842712475 0.585491246732 0.628012738724 0.3 0.506359556047 0.67082039325 0.6428063472 0.563205113613 0.631506136154 0.680294054068 0.713862731903 0.722772439984 0.710211236183 0.781024967591 0.932952303175 1.2614277625 1.29691942695 1.1258774356 0.800499843848 0.737834669828 0.754718490565 0.727186358508 0.644980619864
0.368781778292 0.444072066223 0.480832611207 0.617413961617 0.706823881883 0.858836422143 1.06 0.9759098319 0.555697759578 0.297321374946 0.316227766017 0.444072066223 0.0894427191 0.637808748764 0.432666153056 0.344093010682 0.263058928759 0.188679622641 0.196977156036 0.200997512422 0.282842712475 0.420475920833 0.526117857519 0.676756972628 0.72470683728 0.594642749893 0.701141925718 0.625139984324 0.560357029045 0.466904701197 0.52038447325 0.506359556047 0.582408791142 0.240831891576 0.282842712475 0.404969134626 0.430813184571 0.529528091795 0.583095189485 0.602992537267 0.483321838944 0.410365690574 0.322490309932 0.372021504755 0.421900462195 0.483321838944 0.514198405287 0.644980619864 0.737563556583 0.687313611098
1.23369364106 1.33416640641 1.18473625757 1.12924753708 0.860929730001 0.807217442824 0.793977329651 0.787146746166 0.702281994643 0.716100551599 0.716937933157 0.693397432934 0.764198926982 0.761577310586 0.716100551599 0.594642749893 0.704556598152 0.641248781675 0.660302960769 0.741080292546 0.782304288624 0.772787163454 0.847584804017 0.816333265278 0.79649231007 0.735391052434 0.678822509939 0.609590026165 0.664830805544 0.707106781187 0.735934779719 0.791959594929 0.76026311235 0.882949602186 0.78 0.837615663655 0.681175454637 0.495176736126 0.353836120259 0.367151195014 0.410365690574 0.528015151298 0.696562990691 0.781024967591 0.814125297482 0.76550636836 0.679411510059 0.404969134626 0.22803508502 0.240831891576
0.126491106407 0.126491106407 0.126491106407 0.107703296143 0.1 0.11313708499 0.11313708499 0.116619037897 0.1 0.1 0.116619037897 0.128062484749 0.107703296143 0.126491106407 0.13416407865 0.156204993518 0.216333076528 0.215406592285 0.22803508502 0.22803508502 0.240831891576 0.26 0.302654919008 0.331058907145 0.465188133985 0.531413210223 0.60166435826 0.699714227381 0.932308961665 0.977547952788 0.99538937105 1.14542568506 1.24016127983 0.940850678907 0.661211010193 0.394461658466 0.580344725142 1.04403065089 1.36952546526 1.29321305283 1.07517440446 1.13225438838 0.989949493661 0.810431983574 0.689637585983 0.79649231007 0.891066776398 0.788923316933 0.709365914039 0.742428447731
0.1 0.12 0.1 0.12 0.14 0.141421356237 0.16 0.141421356237 0.14 0.16 0.16 0.181107702763 0.164924225025 0.13416407865 0.144222051019 0.128062484749 0.11313708499 0.128062484749 0.128062484749 0.128062484749 0.116619037897 0.128062484749 0.116619037897 0.128062484749 0.11313708499 0.1 0.116619037897 0.121655250606 0.126491106407 0.1 0.101980390272 0.12 0.1 0.101980390272 0.1 0.101980390272 0.12 0.12 0.101980390272 0.101980390272 0.121655250606 0.121655250606 0.121655250606 0.0894427191 0.1 0.11313708499 0.1 0.11313708499 0.116619037897 0.1
0.627694193059 0.684105255059 0.683520299625 0.572013985843 0.568506816142 0.672011904656 0.852760224213 0.805232885568 0.716937933157 0.360555127546 0.263058928759 0.512640224719 0.557135531087 0.524976189936 0.430813184571 0.411825205639 0.3577708764 0.322490309932 0.297321374946 0.240831891576 0.172046505341 0.156204993518 0.156204993518 0.144222051019 0.144222051019 0.128062484749 0.128062484749 0.1 0.141421356237 0.13416407865 0.13416407865 0.13416407865 0.13416407865 0.126491106407 0.107703296143 0.101980390272 0.1 0.101980390272 0.12 0.12 0.101980390272 0.1 0.12 0.121655250606 0.14 0.141421356237 0.14 0.14 0.14 0.161245154966
0.729931503636 0.74 0.751797845169 0.645600495663 0.641248781675 0.62128898268 0.596657355607 0.694262198308 0.681175454637 0.668430998683 0.845931439302 0.822192191644 0.945304183848 1.00319489632 1.22800651464 1.1313708499 1.15169440391 1.22784363825 1.12071405809 1.02703456612 0.859069263797 0.777946013551 0.847584804017 0.683520299625 0.796994353807 0.87863530546 0.776659513558 0.651459898996 0.659696900099 0.655133574166 0.651152823844 0.605309838017 0.503587132481 0.375765884561 0.382099463491 0.386264158317 0.367695526217 0.4 0.545893762558 0.702281994643 0.742159012611 0.563560112144 0.588217646794 0.665732679084 0.655133574166 0.672011904656 0.95414883535 1.05261578936 0.905538513814 0.891066776398
0.706823881883 0.648999229584 0.553172667438 0.568506816142 0.635609943283 0.568858506133 0.483735464898 0.468187996429 0.644049687524 0.940212741883 1.0560303026 0.936375992858 0.8 0.645600495663 0.509901951359 0.514198405287 0.52038447325 0.565685424949 0.824621125124 0.924770241736 0.860232526704 0.975294827219 0.83258633186 0.575847201956 0.627694193059 0.646219776856 0.743236167042 0.761577310586 0.610573500899 0.481663783152 0.533666562565 0.588557558782 0.588557558782 0.605309838017 0.565685424949 0.494772675074 0.449444101085 0.37947331922 0.480416485979 0.4 0.704556598152 0.747261667691 0.841189633793 0.753923072999 0.640312423743 0.531413210223 0.6 0.609590026165 0.644049687524 0.679411510059
