raster_test2_slope.txt
ncols	238
nrows	278
xllcorner	666013.0
yllcorner	141013.0
cellsize	25.0
NODATA_VALUE	-9999.0
[rows 22 to 43 of 278, columns 0 to 49 of 238]
0.505964425627 0.560357029045 0.538516480713 0.490306026885 0.526117857519 0.5 0.518844870843 0.540370243444 0.56639209034 0.555697759578 0.557135531087 0.509901951359 0.721110255093 0.748865809074 0.769415362467 0.817067928633 0.742159012611 1.04345579686 1.17388244727 1.29553077926 1.52839785396 1.38751576568 1.25299640861 1.15550854605 1.0881176407 1.14560027933 1.03846039886 0.910823802939 1.0748023074 0.994786409236 0.80399004969 0.865794432877 0.814125297482 0.672011904656 0.992975326985 1.00578327685 1.12160599142 1.16516093309 0.14 0.848999411072 1.1745637488 1.04861813831 0.969329665284 0.974063652951 1.03730419839 1.05546198416 0.664830805544 0.710211236183 0.690796641567 0.72470683728
1.30061523903 1.15117331449 1.17881296226 1.38520756567 1.40456398929 1.82526710374 2.14560014914 1.81107702763 1.78997206682 1.79877736254 1.57200508905 0.919347594765 1.00895986045 1.05678758509 1.01823376491 0.835463942968 0.748865809074 0.659696900099 0.545893762558 0.431740662898 0.380525951809 0.393954312072 0.538516480713 0.49193495505 0.583095189485 0.828009661779 0.791201617794 0.716937933157 0.832346081867 0.727186358508 0.627694193059 0.423792402008 0.256124969497 0.323109888428 0.316227766017 0.272029410175 0.342344855372 0.424264068712 0.444072066223 0.46389654019 0.52 0.590592922409 0.602992537267 0.611882341631 0.583095189485 0.628012738724 0.617413961617 0.733484832836 0.688767014309 0.627694193059
1.02859126965 0.74404300951 0.404474968323 0.404474968323 0.47539457296 0.617413961617 0.72470683728 0.9 0.84970583145 0.583095189485 0.563205113613 0.56 0.662721661031 0.694262198308 0.62096698785 0.652993108693 0.735391052434 0.6260990337 0.360555127546 0.302654919008 0.322490309932 0.320624390838 0.451220566907 0.470744091838 0.526117857519 0.66211781429 0.613514466007 0.52038447325 0.451220566907 0.393954312072 0.367695526217 0.58 0.676756972628 0.72470683728 0.772010362625 0.960208310733 0.907964757025 0.955196314901 1.04785495179 1.0295630141 0.960208310733 0.925418824101 1.18186293622 1.25251746495 0.974063652951 1.49693019209 1.62308348522 1.80055546985 1.84910789301 1.64924225025
0.652993108693 0.568506816142 0.521536192416 0.501198563446 0.423792402008 0.360555127546 0.291204395571 0.234093998214 0.233238075794 0.277848879789 0.3 0.297321374946 0.316227766017 0.45343136195 0.512249938995 0.576888204074 0.737834669828 1.03730419839 1.15256236274 1.02176318196 0.593632883186 0.300665927567 0.84970583145 0.860232526704 0.747261667691 0.683520299625 0.683520299625 0.690796641567 0.969329665284 1.35955875195 1.93328735578 1.97676503409 1.45602197786 0.781024967591 0.700285656 0.651152823844 0.60166435826 0.665732679084 0.709365914039 0.676756972628 0.683520299625 0.384707681233 0.388329756779 0.45607017004 0.707106781187 0.754718490565 0.646219776856 0.427551166529 0.609590026165 0.572712842531
0.420475920833 0.509901951359 0.693108938047 0.45607017004 0.297321374946 0.286356421266 0.212602916255 0.300665927567 0.373630833845 0.420475920833 0.456508488421 0.5 0.568506816142 0.481663783152 0.277848879789 0.2 0.14 0.172046505341 0.329848450049 0.424264068712 0.529528091795 0.592283715798 0.529528091795 0.483735464898 0.52038447325 0.297321374946 0.375765884561 0.392937654088 0.354400902933 0.721110255093 0.987319603776 0.601331855135 0.38 0.354400902933 0.284253408071 0.322490309932 0.269072480941 0.404969134626 0.638122245342 0.593632883186 0.532541078228 0.528015151298 0.488262224629 0.421900462195 0.31304951685 0.310483493925 0.282842712475 0.263058928759 0.266833281283 0.272029410175
0.822192191644 0.772787163454 0.545893762558 0.845931439302 1.18962178864 0.86 0.72470683728 0.751531769122 0.516139516023 0.596657355607 0.769415362467 0.754718490565 0.572712842531 0.427551166529 0.431740662898 0.488262224629 0.468614980554 0.481663783152 0.481663783152 0.635295206971 0.750732975165 0.610573500899 0.466476151588 0.340587727319 0.297321374946 0.240831891576 0.184390889146 0.161245154966 0.200997512422 0.260768096208 0.240831891576 0.250599281723 0.244131112315 0.234093998214 0.300665927567 0.441814440687 0.46389654019 0.36 0.353836120259 0.394461658466 0.394461658466 0.328024389337 0.516139516023 0.594642749893 0.423792402008 0.22803508502 0.302654919008 0.404969134626 0.47539457296 0.494772675074
0.617737808459 0.917605579756 0.987927122818 1.11516814876 1.07200746266 0.764198926982 0.742428447731 0.7 0.503587132481 0.46389654019 0.58137767415 0.70256672281 0.625139984324 0.60166435826 0.594642749893 0.639061812347 0.787908624144 0.901997782702 1.15446957517 1.11892805846 0.962081077664 0.856037382361 0.942549733436 1.14629839047 1.14157785543 0.970154626851 0.809938269253 0.653911308971 0.695701085237 0.930591209931 0.860232526704 0.707106781187 0.820243866176 0.992975326985 0.926498785752 0.796241169496 0.776659513558 0.835224520713 0.883628881375 0.747261667691 0.672309452559 0.662419806467 0.62 1.22930874885 0.917823512447 0.798498591107 0.816333265278 0.824621125124 0.753126815351 0.796994353807
0.49193495505 0.451220566907 0.441814440687 0.583095189485 0.607289058028 0.596657355607 0.56 0.500399840128 0.47539457296 0.531413210223 0.480832611207 0.545893762558 0.656048778674 0.672011904656 0.545893762558 0.590592922409 0.594642749893 0.632455532034 0.712179752591 0.796241169496 1.13296072306 1.38159328313 1.35351394526 1.22065556157 1.18793939239 1.33221619867 1.40185591271 1.04785495179 0.690796641567 0.442718872424 0.480832611207 0.501597448159 0.572013985843 0.76550636836 0.863712915268 0.920217365626 0.910823802939 0.947628619239 0.888144132447 0.74 0.648999229584 1.11427106217 1.29691942695 1.13278418068 0.877268487978 0.74966659256 0.693397432934 0.644980619864 0.509901951359 0.470744091838
1.74631039624 1.36616250864 1.10887330205 0.910823802939 0.822921624458 0.822192191644 0.826801064344 0.858836422143 0.960416576283 1.22800651464 1.46478667389 1.32060592154 1.28763348823 1.28763348823 1.3013838788 1.2088010589 1.09288608739 0.841189633793 0.698569967863 0.761577310586 0.817067928633 0.887693640847 0.740270220933 0.588557558782 0.565685424949 0.441814440687 0.540370243444 0.428018691181 0.622896460096 0.524976189936 0.438634243989 0.410365690574 0.466904701197 0.532541078228 0.563560112144 0.496789693935 0.344093010682 0.349857113691 0.495176736126 0.438634243989 0.332866339542 0.340587727319 0.367695526217 0.451220566907 0.427551166529 0.345253530033 0.340587727319 0.360555127546 0.423792402008 0.438634243989
0.442718872424 0.398497176903 0.388329756779 0.436806593357 0.5366563146 0.627694193059 0.483735464898 0.436806593357 0.349284983931 0.367695526217 0.341760149813 0.412310562562 0.563205113613 0.676756972628 0.766550715869 0.713862731903 0.684689710745 0.628012738724 0.708801805867 0.684105255059 0.698569967863 0.781024967591 0.733484832836 0.704556598152 0.644980619864 0.703420215803 0.81437092286 1.09836241742 1.27953116414 1.67044904143 1.84228119461 1.70880074906 1.51076139744 1.47648230602 1.35440023627 1.16 1.24402572321 1.23967737738 1.46492320618 1.47959453905 1.37884009225 1.19364986491 1.00498756211 0.835703296631 0.80622577483 0.837615663655 0.841189633793 0.814125297482 0.905538513814 1.10435501538
0.524976189936 0.393954312072 0.286356421266 0.277848879789 0.269072480941 0.256124969497 0.244131112315 0.250599281723 0.386264158317 0.432666153056 0.545893762558 0.612209114601 0.754718490565 0.596657355607 0.555697759578 0.342344855372 0.260768096208 0.694262198308 0.636553218514 0.452548339959 0.5 0.576888204074 0.676756972628 0.832346081867 1.1963277143 1.44941367456 1.30384048104 1.03479466562 0.826801064344 0.609261848469 0.468187996429 0.505964425627 0.5 0.514198405287 0.605309838017 0.583095189485 0.7155417528 0.6 0.550272659688 0.47539457296 0.4472135955 0.417612260356 0.544058820349 0.590931468108 0.652993108693 0.493963561409 0.388329756779 0.316227766017 0.37947331922 0.436806593357
0.440454310911 0.368781778292 0.429418211072 0.493963561409 0.412310562562 0.252982212813 0.1 0.08 0.08 0.06 0.0721110255093 0.1 0.141421356237 0.181107702763 0.22803508502 0.169705627485 0.161245154966 0.234093998214 0.335261092285 0.250599281723 0.172046505341 0.26 0.184390889146 0.480832611207 0.34 0.380525951809 0.345253530033 0.297321374946 0.22360679775 0.38 0.543323108288 0.865332306111 1.25299640861 1.00578327685 0.772010362625 0.967677632272 0.983259884263 0.647765389628 0.543323108288 0.521536192416 0.501597448159 0.401995024845 0.300665927567 0.286356421266 0.304630924235 0.297321374946 0.284253408071 0.312409987036 0.356089876295 0.572712842531
0.727186358508 0.532541078228 0.780256368125 0.941488183675 0.761051903618 0.60166435826 0.635295206971 0.693108938047 0.732393336944 0.733484832836 0.538516480713 0.310483493925 0.220907220344 0.278567765544 0.340587727319 0.277848879789 0.46389654019 0.60827625303 0.624819974073 0.610573500899 0.575847201956 0.432666153056 0.331058907145 0.310483493925 0.282842712475 0.342344855372 0.345253530033 0.451220566907 0.382099463491 0.325576411922 0.331058907145 0.203960780544 0.284253408071 0.332866339542 0.40249223595 0.396988664826 0.332866339542 0.396988664826 0.460434577329 0.449444101085 0.416173040934 0.440454310911 0.466904701197 0.305286750449 0.08 0.0 0.0 0.0 0.0 0.0
0.494772675074 0.554616984954 0.444072066223 0.688767014309 0.820243866176 0.710211236183 0.703420215803 0.627694193059 0.706823881883 0.665732679084 0.181107702763 0.200997512422 0.349284983931 0.51923019943 0.61611687203 0.684105255059 0.722495674728 0.822192191644 0.840951841665 0.843800924389 1.11462998345 1.18928549979 1.19364986491 1.35070352039 1.24338248339 0.885437744847 0.858836422143 0.97508973946 1.01133575038 0.81215762017 1.18962178864 0.788923316933 1.14560027933 1.27059041394 1.01607086367 0.904433524368 0.880227243387 0.747261667691 0.640312423743 0.664830805544 0.695701085237 0.431740662898 0.861626369142 0.761051903618 0.620322496771 0.609261848469 0.593632883186 0.704556598152 0.772528316633 0.698569967863
0.456508488421 0.617737808459 0.898443097809 0.729931503636 0.488262224629 0.360555127546 0.360555127546 0.37947331922 0.40249223595 0.420475920833 0.493963561409 0.412310562562 0.31304951685 0.286356421266 0.282842712475 0.310483493925 0.323109888428 0.420475920833 0.554616984954 0.521536192416 0.511077293567 0.689637585983 0.996393496566 1.04172933145 0.716937933157 0.672011904656 0.648999229584 0.596657355607 0.693397432934 0.688767014309 0.714702735408 0.809938269253 0.84970583145 0.698569967863 0.521536192416 0.4 0.404474968323 0.372021504755 0.375765884561 0.360555127546 0.461735855225 0.538516480713 0.474130783645 0.416173040934 0.781024967591 0.831865373723 0.733484832836 0.708801805867 0.690796641567 0.632455532034
0.903548559846 0.966643677888 0.799249648108 0.891964124839 0.978365984691 1.06075444849 1.0 1.00179838291 1.07070070515 1.20615090267 0.990353472251 0.696562990691 0.568506816142 0.74404300951 0.84970583145 0.992975326985 1.29321305283 1.34402380931 1.21803119829 1.23223374406 1.05546198416 1.06508215646 1.05261578936 0.712179752591 0.461735855225 0.233238075794 0.256124969497 0.241660919472 0.215406592285 0.1788854382 0.14 0.20591260282 0.256124969497 0.260768096208 0.367695526217 0.6 0.439089968002 0.266833281283 0.263058928759 0.4472135955 0.631506136154 0.657875368136 0.607289058028 0.713862731903 0.51923019943 0.156204993518 0.247386337537 0.278567765544 0.297321374946 0.353836120259
0.501597448159 0.505964425627 0.5366563146 0.668430998683 0.644049687524 0.580344725142 0.541479454827 0.56 0.62 0.58137767415 0.582408791142 0.425205832509 0.45343136195 0.360555127546 0.172046505341 0.384707681233 0.184390889146 0.247386337537 0.297321374946 0.367695526217 0.449444101085 0.438634243989 0.4 0.382099463491 0.47539457296 0.486621002424 0.501198563446 0.796241169496 1.38130373199 1.34714512952 1.01980390272 1.01980390272 1.03846039886 0.713862731903 0.769415362467 0.945938687231 0.880908621822 0.800499843848 0.822192191644 0.741080292546 0.867640478539 0.854400374532 0.737563556583 0.76026311235 0.835463942968 1.01548018198 0.992975326985 0.80622577483 0.769415362467 0.885889383614
0.66211781429 0.544058820349 0.544058820349 0.644980619864 0.52 0.438634243989 0.461735855225 0.468187996429 0.386264158317 0.3577708764 0.297321374946 0.349857113691 0.3 0.362215405525 0.420475920833 0.4 0.320624390838 0.398497176903 0.504777178565 0.593969696197 0.707672240518 0.744311762637 0.865332306111 1.02176318196 0.909065454189 0.781024967591 0.636553218514 0.566038867923 0.456508488421 0.340587727319 0.394461658466 0.424264068712 0.384187454246 0.367695526217 0.312409987036 0.31304951685 0.344093010682 0.360555127546 0.54918120871 0.54918120871 0.48 0.442718872424 0.488262224629 0.484148737476 0.288444102037 0.354400902933 0.449444101085 0.557853027239 0.820975030071 0.80024996095
0.356089876295 0.557135531087 0.490306026885 0.22360679775 0.14 0.02 0.0 0.0 0.0 0.0 0.0 0.02 0.184390889146 0.340587727319 0.250599281723 0.121655250606 0.14 0.277848879789 0.428018691181 0.560357029045 0.438634243989 0.480416485979 0.436806593357 0.468187996429 0.440454310911 0.442718872424 0.555697759578 0.305286750449 0.411825205639 0.52038447325 0.456508488421 0.386264158317 0.388329756779 0.741080292546 1.06920531237 1.15879247495 1.14157785543 1.08074048689 1.08461974904 0.859069263797 0.600333240792 0.609261848469 0.6428063472 0.582408791142 0.5366563146 0.528015151298 0.474130783645 0.411825205639 0.428018691181 0.353836120259
0.94847245611 0.81437092286 0.62096698785 0.543323108288 0.483321838944 0.512640224719 0.483321838944 0.583095189485 0.668430998683 0.751797845169 0.74404300951 0.650538238692 0.512249938995 0.416173040934 0.282842712475 0.22627416998 0.260768096208 0.310483493925 0.349284983931 0.470744091838 0.694262198308 0.780256368125 0.60827625303 0.474130783645 0.331058907145 0.3 0.284253408071 0.260768096208 0.295296461205 0.367695526217 0.425205832509 0.312409987036 0.22627416998 0.14 0.203960780544 0.240831891576 0.233238075794 0.233238075794 0.241660919472 0.382099463491 0.518844870843 0.54918120871 0.545893762558 0.349284983931 0.161245154966 0.0 0.0 0.0 0.0 0.0
0.627694193059 0.660302960769 0.545893762558 0.329848450049 0.34 0.375765884561 0.325576411922 0.367695526217 0.320624390838 0.373630833845 0.388329756779 0.288444102037 0.468614980554 0.203960780544 0.26 0.456508488421 0.47539457296 0.483735464898 0.560357029045 0.600333240792 0.6428063472 0.651152823844 0.664830805544 0.698569967863 0.728010988928 0.826075057123 0.914111590562 0.848999411072 0.917605579756 1.03942291681 1.36014705087 1.34536240471 1.20415945788 1.10652609549 0.741080292546 0.585491246732 0.778973683766 0.657875368136 0.37947331922 0.891964124839 0.850881895447 0.640312423743 0.480416485979 0.431740662898 0.493963561409 0.512640224719 0.509901951359 0.466476151588 0.657875368136 0.655133574166
0.622896460096 0.594642749893 0.288444102037 0.0824621125124 0.12 0.200997512422 0.40249223595 0.656048778674 0.809197132966 0.816088230524 0.840951841665 0.828733974204 0.824621125124 0.940212741883 0.716100551599 0.58 0.555697759578 0.394461658466 0.243310501212 0.305941170816 0.215406592285 0.284253408071 0.280713376952 0.325576411922 0.286356421266 0.272029410175 0.360555127546 0.349857113691 0.554616984954 0.58137767415 0.60166435826 0.345253530033 0.382099463491 0.412310562562 0.439089968002 0.49193495505 0.487031826475 0.494772675074 0.477074417675 0.551724568965 0.531413210223 0.514198405287 0.4 0.384707681233 0.429418211072 0.528015151298 0.664830805544 0.557135531087 0.456946386352 0.429418211072
